010110 
000111 
110110 
100000 
110010 
110000 
011011 
100011 
101000 
001101 
010001 
000100 
010110 
100100 
111001 
101011 
111010 
111001 
001101 
110010 
100100 
100010 
100001 
111011 
111000 
011110 
110110 
111001 
111000 
010110 
011000 
011110 
100110 
101110 
010011 
100111 
100101 
110111 
011001 
101110 
100101 
010011 
110001 
001101 
000001 
011101 
111011 
111110 
110010 
000000 
101010 
100001 
011111 
110101 
010001 
110000 
010111 
000011 
011010 
010011 
010100 
010011 
000010 
001001 
101010 
011111 
011000 
010101 
111101 
011111 
011010 
111010 
000101 
100110 
001010 
110100 
011110 
000101 
111100 
010000 
100110 
000011 
101011 
111111 
100110 
111001 
100111 
111001 
001001 
100011 
001110 
000100 
001011 
010111 
110001 
010000 
111011 
000001 
000010 
110000 
001110 
001011 
110010 
000101 
101110 
101001 
000111 
110000 
111101 
010110 
111001 
010111 
101110 
100100 
110000 
100011 
100111 
111011 
111001 
100001 
110100 
011010 
111011 
100111 
101001 
100110 
101001 
111010 
101111 
110110 
011000 
110001 
001011 
010110 
010000 
011110 
111011 
110011 
100111 
001011 
110101 
111001 
110111 
101010 
001101 
111001 
110101 
101010 
011000 
000100 
101011 
011000 
000011 
111011 
010110 
100010 
011111 
100001 
011111 
101110 
000011 
011110 
010101 
010110 
100010 
011000 
111101 
000000 
001001 
011010 
110010 
111101 
010000 
101010 
100010 
001000 
101001 
000101 
100100 
011111 
101001 
100100 
001100 
011110 
111111 
001111 
010011 
111010 
100101 
110010 
110000 
001010 
101011 
100011 
011001 
111100 
100100 
011111 
110101 
110111 
101110 
111001 
111110 
101000 
100001 
111111 
001110 
100010 
110111 
111111 
001010 
010100 
101000 
110100 
000011 
011001 
110101 
110001 
010101 
110010 
111110 
010110 
010101 
101010 
011100 
111000 
000101 
111101 
111010 
101111 
111010 
001001 
011001 
110101 
110110 
001000 
101011 
111110 
010111 
011001 
101110 
000100 
001011 
110110 
110011 
001100 
010111 
110011 
110111 
000000 
111001 
100100 
110101 
110001 
001011 
000011 
001101 
001100 
001011 
101011 
001000 
111001 
101101 
001100 
010010 
001010 
110110 
111001 
010011 
111001 
111010 
010111 
100011 
001111 
011001 
000111 
110010 
001011 
010110 
010000 
001111 
111100 
000110 
100110 
010001 
010001 
011101 
101101 
011101 
001111 
100101 
011111 
010010 
011000 
001001 
001011 
000110 
001111 
001000 
110110 
011100 
001000 
010000 
011010 
011000 
111010 
001101 
100101 
000101 
111101 
010111 
011101 
110000 
000100 
001000 
100100 
101100 
011101 
001010 
111110 
010001 
101100 
100111 
110101 
010100 
000010 
111101 
100111 
010000 
101010 
001001 
000110 
000011 
100111 
011001 
101111 
100000 
010011 
101000 
101101 
100100 
001101 
100001 
111000 
110100 
110100 
100001 
011110 
010010 
100101 
010011 
000111 
001110 
011000 
010101 
011011 
000010 
000110 
000111 
110110 
000001 
011100 
010000 
101100 
000101 
001110 
011010 
010010 
110101 
001111 
111010 
100100 
101011 
001000 
100000 
110000 
001001 
011100 
101110 
001101 
011011 
101110 
001110 
111111 
110010 
010001 
011101 
010011 
111001 
111110 
000100 
101011 
101011 
111110 
101111 
011111 
100000 
111000 
100000 
110011 
001000 
110101 
011001 
111000 
101001 
010010 
110101 
100011 
001000 
010001 
100100 
011001 
001011 
001010 
111001 
100101 
011001 
011010 
111011 
111110 
011001 
111100 
011101 
001101 
001101 
101111 
101011 
100101 
001011 
000011 
011001 
111100 
111001 
110111 
011110 
011000 
111110 
001000 
110000 
111111 
110100 
110101 
100011 
010010 
010000 
111000 
001110 
010110 
111001 
000110 
001110 
010111 
001011 
101111 
010001 
011111 
001011 
010110 
101011 
101001 
111101 
001110 
000110 
101111 
011101 
100011 
010010 
000010 
001010 
011011 
110000 
010110 
001110 
101111 
101001 
001100 
010011 
110011 
011101 
010011 
010010 
111011 
010000 
100101 
010011 
100011 
000001 
110101 
110101 
010110 
000011 
011001 
110001 
110010 
110100 
101000 
110000 
101111 
100001 
110110 
100111 
010100 
110001 
011011 
011110 
110110 
101001 
001010 
000000 
011100 
111100 
010100 
101010 
101010 
011001 
110010 
100101 
100011 
010001 
100111 
001111 
111000 
101010 
010110 
100100 
000100 
011111 
000001 
111100 
100000 
010000 
001011 
001100 
010010 
111011 
111111 
101100 
100100 
010110 
010110 
010101 
110011 
000001 
111100 
000011 
111000 
110111 
000010 
110111 
001001 
111000 
011001 
111100 
001001 
010000 
010011 
010110 
110010 
100110 
110010 
111101 
011000 
001000 
110111 
001001 
110001 
111111 
000000 
011011 
111010 
111000 
100111 
101111 
011101 
010111 
111110 
101101 
010010 
101111 
110010 
001100 
100000 
111110 
101011 
101000 
010001 
101101 
111111 
100011 
101000 
001101 
001010 
000011 
001100 
111001 
110111 
010000 
000101 
011000 
011100 
001111 
011110 
000101 
000011 
000010 
000010 
100101 
010011 
101110 
101010 
000000 
100001 
010101 
100011 
111011 
101010 
110001 
110000 
001000 
011111 
001111 
001110 
100010 
000111 
000000 
100000 
011111 
110001 
111111 
100101 
010100 
001101 
010001 
111110 
100010 
110101 
100100 
011110 
010000 
011000 
101000 
100011 
010111 
001011 
001111 
010010 
111101 
001110 
100000 
101101 
000011 
010010 
000100 
000110 
101100 
100110 
111101 
011110 
111001 
011110 
101100 
000101 
000001 
001000 
111111 
100100 
010111 
001101 
110000 
011000 
110011 
100101 
110101 
111100 
010000 
101110 
010001 
001010 
000111 
101010 
000101 
000001 
001000 
110001 
001100 
000110 
111100 
111100 
101010 
010110 
111011 
101011 
010111 
100100 
110001 
100011 
000100 
110111 
010100 
110101 
