011100 
011111 
111010 
100111 
101000 
001111 
101010 
011011 
011000 
101001 
000101 
111110 
111010 
101110 
001010 
101110 
000011 
000001 
111000 
010100 
000010 
001000 
111101 
111101 
110011 
111110 
110111 
101000 
111011 
101010 
001001 
101010 
100000 
111001 
011001 
100001 
110110 
001011 
110001 
111110 
111111 
011100 
110011 
001100 
011001 
110101 
111100 
101000 
110011 
011001 
101011 
011111 
010011 
101101 
011000 
001000 
110001 
000101 
111111 
001011 
011110 
110100 
010011 
000100 
010001 
000010 
101100 
011001 
001100 
101000 
111101 
100101 
011010 
001010 
100011 
011001 
001101 
101001 
010111 
101010 
110000 
010011 
110010 
111000 
110111 
011011 
101011 
001011 
111111 
101110 
010110 
010010 
110001 
011110 
101000 
101011 
001110 
000000 
110010 
100101 
101010 
011111 
010000 
000001 
100101 
111100 
100010 
010110 
010011 
111101 
100011 
110111 
111011 
110111 
010110 
101101 
111011 
101011 
111111 
100111 
010011 
000000 
001101 
010110 
001110 
101011 
001100 
000010 
011010 
110001 
011110 
111010 
110011 
111100 
000001 
000010 
001101 
010101 
110001 
100001 
111011 
001100 
111100 
110100 
001000 
110111 
000111 
111110 
101011 
100100 
011100 
011110 
000101 
100000 
000001 
001110 
111101 
011001 
001110 
001011 
111101 
001100 
011110 
101110 
001111 
011100 
001110 
001100 
010111 
000110 
100110 
100001 
001011 
011001 
110100 
110000 
001100 
010110 
101111 
101011 
110100 
100100 
010100 
001110 
001100 
001011 
010100 
101100 
010100 
100100 
110100 
110000 
101100 
111101 
011010 
010101 
110011 
110111 
001101 
101000 
011101 
010101 
100110 
011101 
110000 
000111 
001111 
111001 
111001 
011100 
010100 
001110 
110000 
011000 
100010 
110000 
101110 
001001 
000001 
111100 
001011 
010101 
000011 
110001 
010011 
110001 
111100 
001011 
000111 
111110 
111101 
101001 
110000 
001001 
011010 
100110 
000011 
010001 
110011 
000100 
011100 
000000 
000000 
111110 
111001 
100001 
101001 
110011 
100111 
101100 
011111 
011101 
100111 
011110 
000001 
111011 
101010 
000100 
010100 
100000 
110010 
011000 
101110 
111011 
001010 
111011 
001111 
001011 
101101 
111100 
011000 
100011 
001010 
111110 
010101 
110001 
011001 
001000 
101000 
011100 
011011 
100001 
000000 
111100 
011000 
110001 
111000 
110001 
101110 
111101 
001010 
100101 
000000 
110010 
100111 
101011 
110101 
000111 
111000 
111011 
100011 
001011 
001011 
001010 
101111 
110100 
111111 
011110 
101010 
110000 
111100 
100100 
011000 
011110 
001101 
101000 
011110 
100110 
001000 
011011 
010101 
001010 
011010 
000100 
100111 
011101 
101101 
101111 
110000 
111000 
111100 
111101 
001010 
010111 
010111 
110101 
100110 
011100 
001100 
001000 
111111 
100001 
101100 
000010 
001101 
001000 
001001 
100011 
010011 
100101 
100011 
000011 
000010 
010010 
110000 
110101 
010101 
111001 
110010 
000111 
001100 
101101 
011000 
001101 
110101 
000111 
001010 
101001 
010100 
010000 
001100 
000101 
010001 
010100 
101001 
001111 
010111 
000000 
001011 
011000 
101100 
111000 
100000 
111011 
011111 
011111 
001100 
101100 
100001 
101110 
010111 
110100 
010101 
001001 
100011 
001110 
100010 
100110 
110001 
000101 
010101 
110111 
100100 
011110 
100011 
111101 
111111 
000001 
001111 
111100 
001011 
000010 
011001 
110000 
110000 
111110 
011001 
000011 
011100 
110011 
110010 
001011 
100111 
101110 
110111 
000110 
001010 
101111 
111100 
000111 
011101 
001101 
000100 
111011 
101111 
110110 
000011 
110010 
010010 
101100 
101001 
001010 
101100 
100011 
111011 
101011 
101000 
110010 
010001 
010011 
111101 
001011 
100110 
001010 
010100 
111001 
111001 
111100 
001000 
000001 
110011 
111100 
010100 
101110 
101111 
101011 
100000 
101010 
000001 
001001 
110101 
110000 
100110 
101011 
111111 
011001 
101011 
001000 
100110 
000000 
011010 
010111 
101111 
101111 
100111 
110011 
000111 
000101 
001011 
100000 
111100 
110101 
110000 
011010 
001111 
110111 
111010 
100110 
111000 
101000 
