001010 
000111 
010000 
110000 
001100 
110001 
000000 
001011 
100101 
011001 
011111 
010111 
001101 
010010 
000001 
011110 
101111 
111101 
110010 
100000 
101011 
111111 
000100 
011100 
011011 
110011 
111010 
101010 
010000 
110101 
101111 
010011 
000101 
110111 
010000 
000111 
010111 
110010 
000001 
011111 
001110 
100101 
011110 
011000 
100111 
101000 
110100 
011000 
111010 
011011 
000110 
010110 
100010 
101011 
000011 
100100 
011111 
010011 
001001 
101001 
111011 
101011 
100010 
011101 
111001 
000000 
100110 
000010 
100000 
000101 
011100 
101101 
111010 
110011 
111010 
010000 
000010 
000111 
001001 
111010 
110000 
010010 
110100 
010001 
100010 
101001 
110010 
010010 
101000 
100011 
010001 
001011 
000111 
000100 
010011 
100110 
010011 
100100 
101010 
001101 
010111 
010110 
110101 
010111 
101100 
110010 
110011 
010001 
000001 
101010 
010101 
110011 
011110 
101101 
011001 
011001 
100010 
001011 
111000 
100111 
110110 
011110 
010111 
010111 
010111 
101100 
001101 
010101 
111001 
111100 
000000 
000000 
101101 
101011 
111000 
110111 
110110 
001111 
000110 
011101 
110101 
010000 
100111 
011010 
000000 
001010 
000010 
111011 
101001 
111101 
011000 
011101 
001110 
101111 
100110 
111000 
101100 
000101 
101010 
100111 
001000 
110100 
010111 
010101 
101101 
000110 
011001 
110011 
001010 
111101 
101001 
001100 
011111 
110010 
010111 
101100 
010011 
000001 
101111 
000011 
010100 
100100 
001111 
100111 
000010 
100011 
111111 
010100 
101101 
111011 
000101 
011111 
101100 
011011 
110001 
000000 
100111 
001101 
001001 
110000 
100110 
100111 
101010 
001000 
011011 
001111 
010100 
011100 
000010 
000100 
100001 
001011 
010101 
000000 
110000 
011010 
000001 
000110 
100101 
010111 
100000 
001101 
011110 
010011 
110100 
010011 
111111 
110111 
000101 
011110 
101000 
110101 
111000 
000110 
011111 
110001 
101001 
101010 
010111 
110001 
011111 
101010 
001111 
100111 
101000 
101101 
011101 
000110 
100001 
001011 
110100 
000000 
101011 
000100 
011000 
110011 
011001 
001101 
111011 
111111 
110110 
100010 
100001 
000001 
110110 
001110 
110000 
100111 
011010 
101001 
010110 
001000 
011100 
100010 
110111 
100110 
101110 
110111 
011101 
111001 
011001 
000010 
101110 
001010 
100100 
100111 
000000 
111100 
100110 
101011 
111001 
100001 
010010 
010111 
101001 
111001 
001110 
110110 
010110 
001000 
100110 
011100 
010011 
101111 
101000 
000101 
010110 
010101 
101100 
001011 
010000 
011110 
011010 
010100 
101101 
110001 
101011 
010000 
111110 
111010 
100011 
011010 
111000 
000010 
100101 
111000 
100011 
100000 
011111 
001011 
100101 
001000 
001001 
011101 
010101 
101100 
111110 
111010 
101100 
010000 
000110 
010011 
110001 
001111 
110010 
001110 
000000 
011000 
011101 
101101 
110000 
110000 
111111 
000011 
101111 
100110 
110011 
110111 
010001 
001001 
101111 
011100 
000111 
001100 
011000 
111011 
100100 
110100 
000110 
100000 
101001 
011011 
110110 
100000 
100001 
101010 
110101 
000010 
011101 
001010 
101010 
111110 
001101 
001001 
111100 
111011 
001011 
111011 
010111 
000101 
100100 
010011 
110000 
101011 
111110 
100010 
010000 
101001 
101111 
100101 
011111 
001101 
010100 
101000 
010011 
001100 
001010 
001100 
111111 
001110 
001101 
000011 
101110 
010000 
000101 
110110 
100000 
010000 
111001 
011111 
101101 
111011 
000101 
111100 
010011 
111010 
101010 
000101 
111111 
100110 
111100 
010100 
111010 
100011 
100101 
111110 
000000 
110001 
111111 
000100 
001111 
110100 
000100 
110100 
100000 
010011 
001001 
100001 
011010 
000101 
010111 
010111 
101110 
111111 
111110 
000100 
101101 
111000 
111111 
110000 
111101 
111011 
010101 
101111 
010010 
000010 
110011 
001110 
001000 
111101 
111111 
100110 
100010 
101000 
011001 
010011 
010010 
000100 
010111 
011001 
111000 
000111 
111010 
011011 
000101 
000110 
110101 
011010 
011001 
101011 
010010 
000101 
100110 
000100 
000111 
001111 
011101 
001010 
010001 
010010 
