001011 
000110 
100001 
000001 
111011 
110011 
000001 
011001 
101100 
100010 
000011 
010001 
100110 
010110 
011000 
001111 
111010 
100011 
100001 
100011 
101101 
010110 
010011 
101000 
110110 
110000 
011010 
000110 
111001 
000100 
010110 
111000 
000100 
111110 
101110 
000101 
000100 
110011 
001111 
111001 
101010 
101101 
010001 
000101 
001100 
110110 
111111 
011011 
100110 
101101 
001110 
101101 
001010 
000110 
101010 
001111 
100100 
001010 
101110 
010101 
101000 
000110 
110011 
011001 
011111 
010111 
111111 
110000 
001101 
110111 
000001 
000000 
011011 
110010 
011010 
000000 
011100 
110101 
100010 
010100 
010000 
111111 
011001 
010000 
001100 
110000 
010100 
010110 
010010 
101110 
010000 
000011 
000110 
010001 
001111 
101111 
010101 
100111 
110100 
010000 
110001 
100101 
101110 
101101 
101101 
001010 
001111 
101110 
111010 
011100 
100011 
011000 
111111 
110100 
000000 
010111 
001110 
010000 
000100 
100001 
101000 
001001 
110100 
011111 
100110 
011100 
000101 
100011 
100000 
111111 
000110 
101001 
100110 
001011 
100011 
011010 
111010 
001010 
010011 
100110 
101001 
011001 
111110 
100111 
010010 
010111 
101010 
011110 
111111 
011110 
100011 
011011 
111000 
101100 
001001 
100111 
011011 
001101 
001100 
100011 
100110 
000100 
000101 
001010 
110100 
110010 
110110 
111001 
111101 
010000 
101011 
011100 
110100 
000010 
010011 
101010 
100100 
000010 
111101 
010100 
000011 
000110 
101111 
111001 
000110 
110111 
001011 
010101 
100101 
010001 
110101 
100101 
111011 
011011 
010111 
011100 
001010 
010101 
000001 
100000 
110010 
100001 
100100 
100011 
101101 
100101 
110000 
111010 
001111 
100000 
000101 
101011 
001011 
010010 
101110 
000000 
101010 
000010 
110011 
101010 
001111 
000001 
011001 
011011 
110001 
110111 
010010 
010011 
101111 
101111 
100010 
011010 
001011 
101000 
010111 
000110 
111100 
101111 
001101 
100000 
110101 
111110 
001110 
011100 
001000 
010100 
110000 
101011 
111000 
011011 
011101 
101010 
001101 
101110 
001011 
100001 
010101 
111011 
111111 
010010 
100001 
110101 
100111 
110101 
110000 
101010 
000010 
000100 
000100 
011100 
001110 
100000 
101000 
110110 
000110 
001100 
110100 
100101 
011001 
110110 
000001 
011001 
010001 
011100 
101110 
001100 
000010 
011010 
011101 
111101 
100000 
111001 
101110 
001000 
010110 
101001 
000001 
110100 
111111 
010101 
000011 
000010 
111110 
001001 
101010 
101001 
100011 
101101 
001101 
010000 
100000 
100001 
110101 
010110 
111111 
000111 
111001 
101000 
100000 
001001 
010011 
011101 
101001 
011000 
011011 
010010 
000110 
100111 
111111 
001100 
010011 
100101 
001110 
001010 
110001 
000101 
100111 
101100 
001010 
100000 
011110 
001011 
000100 
001000 
111001 
101100 
011010 
111010 
101010 
000101 
000011 
001010 
001101 
000000 
100011 
001010 
010001 
110100 
010000 
111001 
110111 
100010 
111000 
100110 
010101 
101111 
110011 
100010 
101001 
010001 
111101 
100110 
011100 
100110 
100100 
111100 
101111 
111000 
010000 
010001 
001111 
011010 
110001 
111101 
000010 
111110 
010010 
011000 
111110 
101010 
110011 
010010 
000111 
001100 
010101 
100100 
100101 
111101 
110101 
011001 
010111 
111111 
011010 
111011 
001001 
011011 
000101 
000010 
101000 
000011 
001001 
000101 
000100 
111010 
000100 
101100 
111001 
101100 
000000 
111000 
101100 
101110 
001101 
100010 
000001 
000001 
111101 
000010 
110110 
110111 
110110 
110000 
100110 
001001 
010111 
111001 
010001 
001010 
010100 
011101 
011001 
100111 
101011 
001100 
110001 
101000 
011100 
010100 
110011 
000001 
100000 
111101 
111011 
011110 
101011 
101000 
010111 
010100 
100110 
010010 
000100 
100001 
111100 
011110 
101010 
110100 
101010 
100111 
101101 
011100 
101110 
111100 
100100 
001011 
000111 
010101 
111101 
000000 
111101 
011110 
010101 
011100 
001100 
010111 
011010 
000100 
101010 
000101 
011110 
101000 
101110 
010000 
100110 
110001 
011001 
010111 
101101 
110100 
010011 
011001 
