111101 
001110 
000111 
111011 
110110 
000101 
100100 
011010 
011101 
110101 
111010 
011111 
111001 
101101 
111110 
010111 
111101 
101111 
101000 
000000 
010100 
111110 
000100 
100000 
011010 
101011 
010100 
011100 
011101 
011110 
000000 
110011 
111011 
100011 
110101 
000010 
000100 
100000 
110101 
101111 
101101 
000111 
010011 
100110 
000010 
000111 
101010 
000001 
100110 
110110 
010101 
011011 
111011 
011100 
111001 
111010 
011011 
110111 
110111 
110111 
011001 
110010 
000011 
010000 
110011 
100110 
011000 
011000 
011000 
000001 
010001 
011011 
101101 
010111 
011001 
101011 
111110 
000100 
001101 
001101 
110010 
101100 
001100 
101111 
100110 
001000 
101110 
100111 
010111 
000100 
000101 
101100 
000001 
010110 
101110 
101101 
011110 
110100 
110010 
000001 
111101 
100001 
011111 
111010 
011000 
101101 
011111 
011011 
111101 
110100 
111111 
001011 
011001 
111011 
001101 
010011 
011111 
010100 
000001 
101010 
000000 
001010 
100000 
011001 
000110 
000101 
110010 
110000 
111000 
110001 
101110 
101010 
101100 
011011 
110010 
010011 
011010 
001100 
100111 
001001 
100010 
011011 
001001 
110010 
100001 
111001 
000111 
110010 
000101 
000100 
110011 
110000 
011111 
110010 
001110 
010110 
001011 
011011 
010000 
110000 
001001 
011011 
100110 
111110 
111101 
001000 
011000 
001001 
001111 
101001 
101011 
101011 
101000 
110000 
011111 
101101 
101100 
010111 
001010 
011011 
000110 
100101 
010100 
001101 
001010 
111000 
011110 
110101 
010100 
111100 
100010 
001110 
010011 
111011 
101010 
011111 
010010 
001000 
011101 
111011 
111110 
101011 
001111 
011010 
110000 
101100 
100001 
010011 
010000 
010110 
001010 
011111 
110010 
110001 
000010 
011011 
110111 
001101 
100110 
010100 
001101 
011011 
111010 
001100 
010111 
000111 
010110 
011101 
110000 
101110 
100101 
010011 
100010 
101101 
011000 
010100 
111011 
011011 
110011 
110001 
101110 
001111 
001000 
101010 
001111 
100010 
110111 
101101 
110011 
010100 
110110 
111000 
011110 
000111 
010010 
111110 
011101 
000011 
011001 
001100 
111011 
100101 
001100 
010001 
010111 
110000 
010111 
000100 
110001 
010011 
100101 
000110 
101111 
111111 
011001 
101001 
001110 
010111 
011001 
110110 
100000 
010110 
100001 
010100 
110001 
010100 
010111 
011000 
000100 
011010 
111100 
100101 
000110 
111101 
101011 
101101 
100001 
000111 
000011 
101100 
101100 
110111 
101001 
100010 
110000 
100111 
000100 
100001 
100011 
001001 
010010 
110011 
101111 
100000 
100001 
001100 
110111 
101001 
011100 
101000 
001010 
000110 
001011 
100110 
111000 
111001 
000101 
001000 
011000 
000010 
000010 
000010 
011100 
001011 
110110 
000110 
111100 
010110 
001101 
111001 
100000 
000011 
000000 
111101 
110101 
000110 
001110 
101010 
100000 
111011 
110111 
111011 
100111 
100011 
111000 
000110 
000001 
100000 
111010 
011010 
000011 
011001 
001011 
111001 
011110 
000010 
011100 
100100 
110100 
000110 
111010 
001100 
100100 
100001 
101110 
011100 
001111 
000110 
001000 
110011 
110111 
111001 
001100 
110011 
001011 
100111 
011011 
101001 
101010 
010011 
010110 
111010 
101011 
001111 
000100 
011001 
100100 
110110 
100110 
000000 
101111 
100000 
101001 
000111 
011000 
000011 
001110 
100101 
101001 
101010 
101010 
100001 
110000 
111111 
111010 
111100 
100100 
010100 
011000 
111011 
001111 
111010 
010010 
100101 
110011 
011011 
010111 
110100 
010000 
001101 
100101 
001001 
101101 
110101 
110000 
000000 
010000 
111100 
100011 
011000 
101101 
000111 
001100 
011001 
011000 
100000 
010100 
000000 
000011 
100011 
100010 
111110 
001010 
101111 
011110 
011101 
111001 
101010 
011110 
101000 
000111 
000111 
101110 
100010 
111011 
000011 
010011 
100011 
110010 
101101 
001011 
011001 
000011 
111110 
011001 
000001 
000001 
101010 
001010 
111111 
000000 
001001 
110101 
101101 
100011 
101101 
011100 
010011 
111100 
000011 
010101 
010111 
000010 
111110 
001111 
011110 
101001 
011111 
110110 
100111 
