101011 
101101 
100101 
101001 
101100 
111100 
110011 
011001 
100100 
010100 
110011 
001100 
001001 
000000 
000001 
001100 
101001 
101100 
001011 
011111 
001000 
110100 
001100 
100010 
001010 
010111 
001011 
000110 
011100 
001001 
110110 
100000 
111011 
011100 
010101 
001010 
100111 
000000 
000010 
001101 
100100 
111111 
001000 
010011 
100101 
010000 
100000 
111011 
110100 
111011 
110111 
000011 
000001 
111011 
111110 
001000 
111100 
110011 
000110 
000000 
101010 
110100 
001111 
001000 
001100 
000101 
010100 
111010 
110111 
110100 
101001 
100011 
001100 
011100 
100100 
010001 
111000 
011111 
011000 
101101 
001011 
110100 
010101 
110001 
001101 
000101 
010010 
111010 
000010 
111111 
010100 
110110 
110111 
101011 
011111 
111110 
000101 
111010 
011111 
011011 
